38 0 1 0 1 0 6 0 0 3 3 0 1 3 6 0 0 0 0
0 76 3 1 1 0 5 5 1 5 1 14 3 9 1 3 0 2 0
0 3 20 6 1 5 4 3 1 8 4 6 4 2 1 2 0 2 1
0 4 1 30 1 5 2 0 0 5 1 11 0 1 4 1 0 1 0
11 0 0 0 33 2 10 0 0 1 0 5 1 1 15 1 0 0 0
1 1 0 0 0 51 3 9 0 2 2 1 1 1 0 0 1 2 2
2 3 0 2 4 5 41 6 0 0 0 7 0 1 3 0 0 1 1
2 3 1 1 0 6 21 92 0 2 1 5 2 3 1 2 1 3 7
2 1 0 1 4 1 2 6 13 4 1 0 0 0 1 1 2 0 0
6 3 0 1 4 6 7 2 2 61 1 7 2 4 0 3 0 0 0
0 1 3 1 1 1 0 1 0 0 45 3 0 5 0 1 1 4 0
2 2 1 2 10 7 5 2 1 2 1 26 1 1 4 3 0 1 0
4 4 7 0 0 1 0 1 0 7 0 0 30 4 5 4 0 2 0
1 19 0 3 2 0 2 6 0 5 4 1 5 82 0 3 0 3 16
6 0 1 2 17 2 9 1 0 2 0 3 2 0 41 0 0 0 1
1 19 2 1 1 0 1 2 0 2 0 8 1 6 0 21 0 0 0
7 1 5 0 1 2 1 0 0 8 6 0 4 6 0 0 22 1 3
0 1 1 1 1 3 0 0 0 0 1 1 1 0 0 0 1 25 4
3 1 2 1 0 1 0 14 1 1 1 3 1 12 0 3 2 3 88
