248 5 0 4 1 1 11 14 9 6 15 18 5 0 3 3 8 1 1 7 12 3 4 8 4 4 4
1 301 3 10 0 1 1 1 18 1 1 3 2 0 2 0 3 0 14 2 2 5 3 23 1 1 0
2 25 231 48 0 4 1 1 6 4 2 4 2 0 12 0 0 1 7 1 4 2 0 38 1 3 0
1 29 17 302 0 2 6 1 15 0 0 8 1 2 3 0 4 0 3 0 0 0 0 5 0 0 0
0 0 1 3 301 0 0 0 3 3 0 7 1 3 0 1 49 0 24 0 1 0 0 2 0 0 0
1 7 6 9 0 301 0 0 22 2 0 7 4 0 8 0 3 0 12 0 1 2 0 12 1 1 0
0 0 0 0 0 0 324 8 1 15 2 10 1 0 1 0 2 0 1 5 7 2 6 0 0 1 13
3 2 0 0 0 0 12 296 0 10 7 37 1 0 0 3 0 0 1 0 4 5 1 0 1 1 15
0 19 1 6 0 1 0 0 285 2 0 13 0 3 3 0 6 0 58 0 0 0 0 2 0 0 0
0 0 0 0 0 0 2 1 0 378 2 0 0 0 0 6 0 2 0 0 8 0 0 0 0 0 0
9 2 0 1 0 1 0 3 4 13 296 15 4 0 0 9 0 20 1 3 13 1 2 0 1 1 0
5 1 0 2 3 2 6 30 20 6 5 242 1 0 6 2 13 4 34 2 3 4 0 0 0 0 8
5 2 2 2 0 3 11 4 4 11 3 10 316 0 3 1 0 0 1 4 1 6 3 3 0 2 2
0 1 1 6 4 2 0 0 22 0 0 8 0 265 0 0 16 0 74 0 0 0 0 0 0 0 0
2 14 6 2 0 1 2 2 15 7 0 11 9 0 264 0 3 3 19 0 0 7 10 11 1 9 1
2 2 0 0 0 1 2 4 0 98 16 5 3 0 0 213 0 10 0 10 22 2 1 0 1 0 7
8 3 3 9 2 1 4 0 67 5 0 26 0 2 8 0 234 1 7 1 1 0 3 5 1 1 7
2 0 0 0 0 0 2 1 0 61 62 1 3 0 0 19 0 201 0 3 34 1 0 0 6 0 3
0 7 0 3 4 1 0 1 70 1 0 9 0 8 1 0 11 0 282 0 0 0 0 0 0 0 1
0 0 0 0 0 0 5 0 2 17 4 4 3 0 1 1 2 0 2 313 0 10 20 2 0 8 5
7 0 0 0 0 0 7 13 1 43 20 13 2 0 0 22 1 34 0 0 229 4 1 0 0 1 1
1 3 0 0 0 0 2 1 0 2 0 1 1 0 2 0 0 0 0 6 0 341 37 0 1 1 0
0 6 0 0 0 0 0 0 0 1 0 7 3 0 3 0 0 0 0 10 0 35 323 2 0 9 0
14 58 8 16 2 4 0 3 15 5 0 10 1 0 17 0 1 1 7 0 9 5 3 218 1 1 0
6 1 0 4 0 0 3 3 1 7 6 16 12 1 0 1 2 9 2 2 1 7 2 0 299 3 11
0 1 0 0 0 0 2 0 0 0 0 3 1 0 0 0 0 0 0 1 0 4 14 1 0 372 0
4 1 0 3 0 0 39 14 4 16 4 27 3 0 1 2 6 2 2 11 5 2 8 1 5 1 238
