267 1 0 7 0 0 2 14 3 1 21 12 4 1 3 2 1 1 3 5 7 3 3 15 17 4 2
1 206 20 24 0 7 0 3 24 0 2 5 4 0 19 0 1 0 6 1 0 7 5 58 2 4 0
1 16 234 36 1 4 0 7 8 0 2 2 1 7 29 0 0 0 5 0 0 2 0 42 1 1 0
1 17 38 246 0 3 1 10 18 0 1 6 3 15 17 0 1 0 10 1 0 0 0 7 3 1 0
4 0 1 7 280 0 0 3 12 0 1 9 3 19 5 0 27 1 12 0 2 0 0 0 8 0 5
1 6 3 1 1 318 0 0 18 0 0 4 3 5 17 0 0 0 7 1 0 4 1 5 2 2 0
5 0 0 1 0 0 293 19 1 2 2 16 1 0 3 0 0 1 2 4 5 0 3 1 16 3 21
6 0 0 1 0 0 7 310 0 4 3 21 4 0 1 2 1 0 0 0 8 2 0 1 9 0 19
1 7 2 3 0 4 0 1 305 1 2 9 1 8 11 0 3 0 33 1 0 2 2 2 1 0 0
5 1 0 1 0 1 5 6 1 227 5 4 5 0 0 43 0 43 1 7 28 3 0 1 2 6 4
3 0 0 1 0 1 3 5 0 0 293 9 4 0 0 6 0 42 2 4 4 2 2 2 15 1 0
11 1 4 3 8 3 2 38 23 1 5 213 4 5 15 1 8 1 16 0 4 2 0 4 6 5 16
7 2 6 0 0 5 3 12 4 1 1 15 288 1 10 1 0 6 0 4 1 4 1 9 7 7 4
1 3 1 3 1 1 0 0 10 0 0 5 0 332 0 0 5 0 34 1 0 0 0 0 1 0 1
1 3 4 1 1 6 0 2 18 1 0 3 2 0 307 0 1 2 5 3 0 7 4 16 2 7 3
6 0 0 0 0 0 6 7 0 13 11 3 13 0 0 260 0 17 0 10 25 1 0 2 13 1 11
26 3 2 4 9 2 1 3 83 3 1 26 2 4 13 0 183 0 6 0 1 6 5 3 6 2 5
4 0 1 0 1 0 0 2 1 4 48 2 5 0 0 16 0 271 0 1 24 0 2 1 15 1 0
0 5 1 5 4 4 0 2 74 0 0 16 0 37 8 0 11 0 227 0 0 0 0 0 2 0 3
4 0 0 0 0 1 4 3 1 3 1 4 4 1 3 0 1 1 0 316 0 14 13 2 8 9 6
10 1 0 0 0 2 4 16 0 8 25 13 5 0 0 30 0 49 0 2 222 2 0 4 4 0 2
3 2 0 0 1 1 2 0 0 1 1 2 1 0 6 0 0 0 0 10 0 333 27 2 2 5 0
5 3 1 1 0 3 1 1 0 0 1 7 5 0 5 0 0 0 0 17 1 67 259 3 0 19 0
13 25 7 9 0 5 0 3 15 0 2 1 6 2 18 0 0 0 4 2 2 6 6 270 3 0 0
12 0 0 2 0 0 0 3 0 1 6 9 6 2 1 0 0 3 0 0 2 0 2 1 341 3 5
0 0 0 0 0 0 0 0 0 0 0 1 1 0 4 0 0 0 0 6 0 16 3 0 1 367 0
18 0 0 0 0 0 20 20 2 0 0 22 5 1 0 4 1 4 1 9 9 8 4 5 28 5 233
