249 2 0 4 2 0 8 17 16 1 17 22 4 1 0 2 9 1 2 11 6 2 4 6 6 2 5
2 255 3 8 0 2 2 1 38 1 10 11 4 0 4 0 3 2 17 2 2 1 3 25 0 3 0
1 23 222 43 5 4 0 2 11 1 1 6 3 3 23 0 4 0 9 0 1 2 1 32 2 0 0
1 39 16 262 3 2 2 1 39 1 1 4 0 0 5 0 8 0 9 1 0 0 0 5 0 0 0
0 0 0 3 312 0 1 0 7 1 0 6 0 1 2 0 42 0 21 0 1 0 0 0 1 0 1
1 1 3 7 1 274 0 0 46 2 0 14 3 1 11 0 11 0 16 1 1 0 1 4 1 0 0
1 1 0 0 0 0 316 9 3 12 2 14 0 0 4 2 2 1 2 5 6 0 3 1 2 2 11
1 1 0 0 0 0 14 292 2 7 5 52 1 0 1 2 0 0 3 5 2 0 0 1 2 0 8
2 7 0 4 1 0 0 0 298 2 0 13 0 5 5 0 11 0 49 0 1 0 0 1 0 0 0
0 0 1 0 0 0 0 1 2 364 1 1 0 0 0 5 1 9 0 2 9 0 0 1 1 0 1
7 1 1 0 0 0 4 0 3 6 307 18 0 0 0 8 0 26 2 5 9 0 0 0 2 0 0
0 1 1 3 11 0 4 26 23 9 3 239 0 2 7 0 19 0 31 1 6 0 1 0 1 1 10
5 5 3 1 1 1 3 3 4 16 10 11 293 0 7 5 1 1 7 3 3 6 3 4 1 1 1
0 0 1 7 6 1 0 0 25 0 0 4 0 280 0 0 17 0 58 0 0 0 0 0 0 0 0
3 3 10 0 0 1 0 3 21 2 0 5 7 0 290 0 9 3 10 0 0 3 7 10 2 9 1
0 1 0 1 0 0 3 3 0 71 10 12 1 0 1 248 0 13 1 6 24 0 0 0 3 0 1
3 0 5 3 12 1 1 0 78 5 0 24 2 2 8 0 240 0 6 0 0 0 3 2 0 0 4
1 0 0 0 0 0 1 1 1 39 54 3 1 0 1 21 0 225 1 3 37 0 0 1 7 0 2
0 2 0 1 3 0 0 0 65 0 0 10 1 15 2 0 7 0 291 0 0 0 0 0 1 0 1
1 0 0 0 1 0 0 0 7 7 3 7 1 0 4 0 0 0 2 337 0 10 13 1 1 4 0
6 0 0 0 0 0 5 16 0 29 22 17 1 0 0 22 2 34 2 4 236 0 0 0 0 0 3
1 5 0 0 0 0 1 0 2 4 2 6 2 0 5 0 3 0 1 9 0 320 36 0 0 1 1
2 9 0 1 0 0 0 0 3 0 0 6 3 0 2 0 0 0 0 16 0 29 313 2 1 12 0
25 46 11 10 4 4 0 0 26 0 0 12 3 0 10 0 3 1 5 1 7 6 3 221 0 1 0
9 1 0 2 1 0 6 3 3 5 10 12 8 1 2 3 6 5 1 3 2 0 1 0 306 1 8
0 0 0 0 0 0 2 0 1 1 2 3 1 0 1 0 0 0 0 2 0 7 9 0 0 370 0
3 1 1 3 0 0 28 20 4 13 4 39 2 1 2 1 9 11 0 17 7 3 4 3 17 1 205
