265 1 0 4 0 0 10 13 9 4 13 11 1 0 2 4 5 0 1 7 14 4 8 10 5 1 7
4 266 6 13 0 2 3 1 24 0 5 6 1 0 2 0 5 2 8 0 5 2 5 36 0 3 0
1 18 227 46 1 8 0 3 8 8 1 5 2 0 16 1 3 2 8 0 6 2 2 29 0 1 1
2 21 20 278 3 1 5 3 32 1 0 5 0 0 6 0 10 0 9 0 0 2 0 1 0 0 0
0 1 1 2 302 0 1 0 6 3 0 4 0 2 0 1 57 0 17 0 1 0 0 0 0 0 1
5 7 5 7 0 263 1 0 27 1 0 12 3 0 17 0 11 0 20 1 6 2 0 8 1 1 1
3 1 0 1 0 0 314 8 2 9 3 8 0 0 2 3 0 2 2 5 14 0 3 1 0 1 17
3 0 0 0 0 0 16 285 1 6 6 42 1 0 1 3 0 0 0 3 5 3 1 0 1 1 21
1 8 2 6 2 0 0 0 282 0 0 23 1 3 3 0 16 0 46 1 0 0 1 4 0 0 0
0 0 0 0 0 0 3 2 0 351 2 1 0 0 0 8 0 7 0 1 22 0 1 1 0 0 0
5 0 0 0 0 0 4 4 3 15 286 15 1 0 0 8 1 32 1 1 16 2 1 0 4 0 0
1 2 0 3 9 0 8 25 17 5 4 253 0 1 4 1 23 0 16 3 4 1 1 3 1 1 13
4 5 3 2 0 0 9 5 4 19 5 18 272 0 5 6 3 2 0 7 4 6 10 2 4 3 1
1 1 0 5 4 1 1 0 22 0 0 7 0 261 0 0 29 0 66 0 0 0 0 0 0 0 1
5 9 5 3 1 1 0 3 14 9 1 10 4 0 259 0 7 2 16 5 3 12 5 14 2 6 3
0 0 0 1 0 0 2 0 2 60 11 11 3 0 0 248 0 16 1 9 26 1 1 0 1 0 6
9 2 1 7 3 2 1 2 56 5 0 21 0 1 4 1 253 0 10 0 2 1 6 2 0 0 10
0 1 0 0 1 0 0 1 0 47 49 2 1 0 0 22 0 222 1 6 37 0 1 0 6 0 2
0 4 0 3 12 0 0 0 73 2 0 22 0 7 0 0 15 0 259 0 1 0 0 0 1 0 0
0 0 0 0 0 0 2 0 0 7 2 5 0 0 2 1 1 0 0 348 1 8 13 1 0 4 4
3 0 0 0 0 0 6 12 1 30 18 14 1 0 0 22 0 36 0 2 251 0 1 0 0 0 2
2 3 0 0 0 0 1 0 1 2 0 3 2 0 4 0 0 0 0 11 1 327 40 0 0 2 0
2 3 0 0 0 0 0 0 3 0 0 4 2 0 1 0 0 0 0 12 1 41 322 3 0 4 1
20 21 14 17 3 1 1 3 18 5 1 9 1 1 12 1 4 2 12 4 18 3 5 220 2 1 0
6 0 0 3 1 0 7 5 3 3 6 17 4 0 2 3 3 6 1 5 0 5 2 1 306 4 6
0 0 0 0 0 0 1 0 0 1 0 2 1 0 1 0 0 0 0 3 0 8 8 0 1 373 0
3 1 0 3 0 0 37 15 6 13 1 18 0 0 1 4 10 6 1 10 19 5 4 0 16 2 224
