185 1 1 9 3 2 20 28 5 4 10 10 10 0 2 10 2 4 0 5 24 1 6 30 8 2 17
6 155 30 62 9 12 8 2 7 2 2 5 4 7 4 0 0 0 8 4 0 2 12 54 0 0 4
8 22 192 46 11 20 3 7 4 8 1 2 8 6 1 1 6 0 4 1 0 0 4 39 0 3 2
13 34 29 234 15 4 16 5 10 1 3 4 3 2 1 2 3 0 0 1 0 0 0 13 4 0 2
1 5 7 13 269 4 8 1 5 4 1 4 3 17 3 3 25 0 17 0 2 0 1 2 2 0 2
6 11 23 22 20 215 0 0 11 7 3 9 7 5 11 1 2 2 13 2 1 1 2 18 3 0 4
7 1 0 1 2 0 249 15 0 8 4 2 6 0 0 13 0 5 0 4 4 0 1 2 3 1 71
21 2 0 1 1 0 41 205 0 7 17 28 0 1 0 14 3 2 1 5 13 0 2 0 1 0 34
16 15 8 57 28 20 4 0 112 0 5 4 11 21 12 0 16 1 47 10 0 1 2 7 1 0 1
6 1 1 1 2 1 12 0 0 294 3 0 2 0 0 18 0 28 0 3 23 1 0 1 0 0 2
19 5 0 3 2 0 15 18 0 7 207 6 9 1 0 23 1 40 0 0 19 2 1 4 15 0 2
18 3 6 4 26 4 17 54 17 6 11 101 12 13 13 2 12 2 23 7 9 3 0 6 3 1 26
15 1 6 6 3 6 10 2 2 6 12 6 284 0 3 4 1 7 1 3 3 2 1 6 6 2 1
3 2 1 22 50 5 2 1 11 0 0 9 3 250 2 0 16 0 22 0 0 0 0 0 0 0 0
13 12 18 10 12 17 7 1 20 4 3 6 18 0 171 0 9 1 9 7 4 1 5 39 1 4 7
2 0 0 0 0 0 25 7 0 29 7 4 1 0 0 223 0 33 0 6 30 0 0 2 12 0 18
39 5 6 18 42 3 10 4 34 11 2 8 4 9 7 1 129 2 14 10 2 5 5 10 5 0 14
5 0 0 0 2 0 15 2 0 42 34 2 5 1 0 44 1 185 0 2 48 0 1 1 8 1 0
2 3 1 26 81 10 3 1 40 1 1 12 6 62 8 0 16 0 117 1 0 1 0 3 1 0 3
23 1 2 3 1 3 26 2 2 5 5 7 6 2 1 4 2 3 0 222 3 8 45 4 1 0 18
6 2 0 1 0 0 19 14 0 30 20 5 6 0 0 33 0 40 0 1 206 0 1 6 3 1 5
9 2 1 1 0 2 15 1 0 4 7 6 0 0 2 2 0 1 0 20 1 259 50 1 1 2 12
15 6 0 3 1 1 14 3 0 0 1 5 1 0 5 7 0 0 0 40 3 43 233 1 2 8 7
27 32 14 24 7 7 8 3 7 1 4 2 3 1 3 1 5 1 9 6 9 8 4 208 2 0 3
14 0 2 2 1 1 17 1 0 0 16 8 8 2 0 7 1 10 1 2 1 0 1 2 285 1 16
13 0 2 0 0 0 2 0 1 0 0 1 6 0 3 1 2 0 0 11 0 14 23 2 3 311 4
5 0 2 1 1 1 61 18 1 4 4 12 3 1 0 13 0 1 0 8 1 1 2 1 6 1 251
